00000001
00000010
00000011
00000100
00000101
00000110
00000111
00001000
00001001
00001010
00001011
00001100
00001101
00001110
00001111
00010000
00010010
00010100
00010110
00011000
00011001
00011010
00011011
00011100
00011110
00100000
00100010
00100100
00100110
00101000
00101001
00101010
00101011
00101100
00101110
00110000
00110001
00110010
00110011
00110101
00110111
00111000
00111001
00111010
00111011
00111101
00111111
01000000
01000001
01000010
01000011
01000100
01000110
01001010
01001101
01001110
01001111
01010000
01010001
01010010
01010011
01010100
01010101
01010111
01011010
01011100
01011110
01100000
01100001
01100010
01100011
01100101
01100110
01100111
01101010
01101100
01101110
01110000
01110001
01110010
01110011
01110100
01110110
01111010
01111100
01111101
01111111
10000000
10000001
10000010
10000011
10001000
10001001
10001010
10001011
10010000
10010001
10010011
10010100
10010110
10011000
10011001
10011011
10011100
10011110
10100000
10100010
10100011
10100101
10100111
10101000
10101001
10101010
10101101
10101111
10110000
10110011
10110100
10110101
10110110
10110111
10111000
10111001
10111100
10111101
10111110
10111111
11000000
11000001
11000110
11000111
11001000
11001011
11001101
11001110
11010000
11010001
11010100
11010111
11011000
11011011
11011100
11011101
11100000
11100001
11100101
11100110
11101000
11101011
11101110
11101111
11110000
11110001
11110100
11110101
11111000
11111011
11111100
11111111
