00000001
00000010
00000011
00000100
00000101
00000110
00000111
00001000
00001001
00001010
00001011
00001100
00001101
00001110
00001111
00010000
00010001
00010010
00010011
00010110
00010111
00011000
00011001
00011010
00011011
00100000
00100001
00100010
00100011
00100110
00100111
00101000
00101001
00101010
00101011
00110000
00110001
00110010
00110011
00110100
00110101
00110110
00110111
00111100
00111101
00111110
00111111
01000000
01000001
01000011
01000100
01000101
01001000
01001001
01001011
01001110
01001111
01010000
01010001
01010011
01010100
01010101
01011000
01011010
01011011
01011100
01011101
01100000
01100001
01100011
01100100
01100101
01101001
01101010
01101011
01101100
01101101
01110000
01110001
01110011
01110100
01110101
01111000
01111001
01111010
01111110
01111111
10000000
10000001
10000010
10000011
10000100
10000101
10000110
10000111
10010000
10010010
10010100
10010101
10010110
10010111
10011000
10011001
10011010
10011011
10100000
10100001
10100010
10100011
10100101
10100110
10101100
10101101
10101110
10101111
10110000
10110010
10110101
10110110
10111000
10111001
10111010
10111011
10111100
10111101
10111110
10111111
11000000
11000010
11000100
11000111
11001001
11001011
11001101
11001110
11010000
11010010
11010100
11010111
11011000
11011010
11011101
11011110
11100000
11100010
11100100
11100111
11101001
11101011
11101100
11101111
11110000
11110010
11110100
11110111
11111000
11111010
11111100
11111111
