00000001
00000010
00000011
00000100
00000101
00000110
00000111
00001000
00001001
00001010
00001011
00001100
00001101
00001110
00001111
00010000
00010010
00010100
00010101
00010110
00011000
00011010
00011100
00011101
00011110
00100000
00100010
00100100
00100101
00100110
00101000
00101010
00101100
00101101
00101110
00110000
00110001
00110011
00110100
00110101
00110111
00111000
00111001
00111011
00111100
00111101
00111111
01000000
01000001
01000010
01000111
01001000
01001001
01001010
01001100
01001110
01001111
01010000
01010001
01010010
01010011
01010110
01011000
01011001
01011011
01011100
01011110
01100000
01100001
01100011
01100110
01101000
01101001
01101010
01101011
01101100
01101110
01110000
01110001
01110010
01110110
01110111
01111000
01111001
01111010
01111100
01111111
10000000
10000001
10000100
10000101
10001000
10001001
10001100
10001101
10010000
10010001
10010010
10010100
10010101
10010110
10011001
10011010
10011101
10011110
10100000
10100011
10100100
10100101
10100111
10101000
10101001
10101011
10101100
10101111
10110000
10110010
10110011
10110100
10110101
10110110
10110111
10111001
10111010
10111011
10111110
10111111
11000000
11000001
11000100
11000111
11001010
11001011
11001101
11001110
11010000
11010001
11010010
11010100
11010110
11010111
11011011
11011101
11100000
11100001
11100011
11100100
11101010
11101101
11101110
11101111
11110000
11110001
11110010
11110011
11110100
11110110
11111101
11111111
