00000001
00000010
00000011
00000100
00000101
00000110
00000111
00001000
00001001
00001010
00001011
00001100
00001101
00001110
00001111
00010000
00010001
00010100
00010101
00011000
00011001
00011010
00011100
00011101
00011110
00100000
00100001
00100100
00100101
00101000
00101001
00101010
00101100
00101101
00101110
00110000
00110010
00110011
00110100
00110110
00110111
00111000
00111010
00111011
00111100
00111110
00111111
01000000
01000001
01000010
01000100
01000101
01000110
01001011
01001100
01001101
01001111
01010000
01010001
01010010
01010011
01010100
01010110
01010111
01011001
01011100
01011101
01100000
01100010
01100011
01100100
01100101
01100110
01100111
01101001
01101100
01101101
01110000
01110001
01110010
01110100
01110101
01110110
01111001
01111011
01111100
01111111
10000000
10000010
10000100
10000110
10001000
10001010
10001100
10001110
10010000
10010001
10010010
10010101
10010110
10011000
10011001
10011010
10011101
10011110
10100000
10100011
10100100
10100110
10100111
10101000
10101010
10101011
10101100
10101111
10110000
10110001
10110011
10110101
10110110
10110111
10111000
10111001
10111010
10111011
10111101
10111111
11000000
11000010
11000101
11000111
11001000
11001011
11001101
11001110
11010000
11010001
11010010
11010111
11011000
11011001
11011011
11011110
11100000
11100010
11100011
11100101
11101000
11101101
11101110
11101111
11110000
11110001
11110010
11110011
11111000
11111001
11111110
11111111
