0000000000
0001000101
0001001111
0001011111
0001100101
0001101111
0001111111
0010000101
0010001111
0010011111
0010100101
0010101111
0010111111
0011001001
0011011001
0011101001
0011111001
0100001111
0100010001
0100010111
0100011001
0100101111
0100110111
0101010001
0101010111
0101011111
0101101001
0101110111
0101111111
0110001001
0110010001
0110010111
0110011111
0110110111
0110111111
0111001111
0111010001
0111010111
0111101111
0111110111
0111111001
1000001011
1000001111
1000011011
1000011111
1000101011
1000101111
1000111011
1000111111
1001001111
1001011111
1001100001
1001101111
1001110001
1001111111
1010000101
1010001011
1010011011
1010101011
1010110101
1010111011
1011000101
1011100001
1011110001
1011110101
1100001011
1100001111
1100010111
1100011011
1100100011
1100100111
1100110011
1100111111
1101001111
1101010111
1101100011
1101100111
1101101011
1101110011
1101111011
1101111111
1110001011
1110010111
1110011011
1110011111
1110100011
1110100111
1110101111
1110110011
1111010111
1111011111
1111100011
1111100111
1111101011
1111101111
1111110011
1111111011
