0000000000
0001000101
0001001101
0001010111
0001011111
0001110111
0001111111
0010000101
0010001101
0010010111
0010011111
0010110111
0010111111
0011010001
0011011001
0011110001
0011111001
0100010111
0100011111
0100100001
0100100111
0100101111
0100110001
0101011001
0101100001
0101100111
0101101111
0101110111
0101111111
0110010001
0110100001
0110100111
0110101111
0110110111
0110111111
0111010111
0111011111
0111100001
0111100111
0111101111
0111111001
1000010011
1000010111
1000011011
1000011111
1000110011
1000110111
1000111011
1000111111
1001001001
1001010111
1001011111
1001101001
1001110111
1001111111
1010000101
1010010011
1010011011
1010101101
1010110011
1010111011
1011000101
1011001001
1011101001
1011101101
1100001011
1100001111
1100010011
1100010111
1100100111
1100101011
1100110011
1100111111
1101001011
1101001111
1101010111
1101011011
1101100111
1101101011
1101111011
1101111111
1110001011
1110001111
1110010011
1110011111
1110100111
1110101011
1110110011
1110110111
1111001011
1111001111
1111011011
1111011111
1111100111
1111101011
1111110111
1111111011
