0000000000
0001000101
0001010101
0001100111
0001101111
0001110111
0001111111
0010000101
0010010101
0010100111
0010101111
0010110111
0010111111
0011100001
0011101001
0011110001
0011111001
0100001001
0100001111
0100011111
0100100111
0100101001
0100110111
0101001001
0101001111
0101011111
0101101111
0101110001
0101111111
0110001001
0110001111
0110011111
0110100001
0110101111
0110111111
0111001001
0111001111
0111011111
0111100111
0111110111
0111111001
1000100011
1000100111
1000101011
1000101111
1000110011
1000110111
1000111011
1000111111
1001010001
1001011001
1001100111
1001101111
1001110111
1001111111
1010000101
1010011101
1010100011
1010101011
1010110011
1010111011
1011000101
1011010001
1011011001
1011011101
1100001111
1100010011
1100010111
1100011011
1100100011
1100100111
1100101011
1100111111
1101001111
1101010011
1101010111
1101011011
1101100111
1101110011
1101111011
1101111111
1110001111
1110010011
1110010111
1110011011
1110100011
1110101011
1110101111
1110110111
1111001111
1111010011
1111010111
1111011011
1111101111
1111110011
1111110111
1111111011
