0000000000
0001001001
0001011001
0001101011
0001101111
0001111011
0001111111
0010001001
0010011001
0010101011
0010101111
0010111011
0010111111
0011100001
0011100101
0011110001
0011110101
0100000101
0100001111
0100011111
0100100101
0100101011
0100111011
0101000101
0101001111
0101011111
0101101111
0101110001
0101111111
0110000101
0110001111
0110011111
0110100001
0110101111
0110111111
0111000101
0111001111
0111011111
0111101011
0111110101
0111111011
1000100011
1000100111
1000101011
1000101111
1000110011
1000110111
1000111011
1000111111
1001010001
1001010101
1001101011
1001101111
1001111011
1001111111
1010001001
1010011101
1010100011
1010100111
1010110011
1010110111
1011001001
1011010001
1011010101
1011011101
1100001111
1100010011
1100010111
1100011011
1100100011
1100100111
1100101011
1100111111
1101001111
1101010011
1101010111
1101011011
1101101011
1101110011
1101110111
1101111111
1110001111
1110010011
1110010111
1110011011
1110100011
1110100111
1110101111
1110111011
1111001111
1111010011
1111010111
1111011011
1111101111
1111110011
1111110111
1111111011
