0000000000
0001001001
0001001111
0001011111
0001101001
0001101111
0001111111
0010001001
0010001111
0010011111
0010101001
0010101111
0010111111
0011000101
0011010101
0011100101
0011110101
0100001111
0100010001
0100010101
0100011011
0100101111
0100111011
0101010001
0101011011
0101011111
0101100101
0101111011
0101111111
0110000101
0110010001
0110011011
0110011111
0110111011
0110111111
0111001111
0111010001
0111011011
0111101111
0111110101
0111111011
1000000111
1000001111
1000010111
1000011111
1000100111
1000101111
1000110111
1000111111
1001001111
1001011111
1001100001
1001101111
1001110001
1001111111
1010000111
1010001001
1010010111
1010100111
1010110111
1010111001
1011001001
1011100001
1011110001
1011111001
1100000111
1100001111
1100010111
1100011011
1100100011
1100101011
1100110011
1100111111
1101001111
1101011011
1101100011
1101100111
1101101011
1101110011
1101110111
1101111111
1110000111
1110010111
1110011011
1110011111
1110100011
1110101011
1110101111
1110110011
1111011011
1111011111
1111100011
1111100111
1111101011
1111101111
1111110011
1111110111
