000000000000
000010100101
000010101101
000010110101
000010111101
000011100001
000011101001
000011110001
000011111001
000101000101
000101001101
000101010101
000101011101
000101100101
000101101101
000101110101
000101111101
000110000101
000110010101
000110100101
000110110101
000111000001
000111010001
000111100001
000111110001
001000011001
001000111001
001001011001
001001111001
001011000101
001011001101
001011010001
001011011001
001011100001
001011101001
001011110101
001011111101
001100000111
001100001111
001100010111
001100011111
001100100111
001100101111
001100110111
001100111111
001101000111
001101001111
001101010111
001101011111
001101100111
001101101111
001101110111
001101111111
001110001001
001110001101
001110011001
001110011101
001110101001
001110101101
001110111001
001110111101
010000011001
010000011101
010000111001
010000111101
010001011001
010001011101
010001111001
010001111101
010010000111
010010001111
010010010011
010010011011
010010100011
010010101011
010010110111
010010111111
010011000011
010011001011
010011010111
010011011111
010011100111
010011101111
010011110011
010011111011
010100000111
010100001011
010100010011
010100011111
010100100111
010100101011
010100110011
010100111111
010101000111
010101001011
010101010011
010101011111
010101100111
010101101011
010101110011
010101111111
010110001011
010110001111
010110011011
010110011111
010110101011
010110101111
010110111011
010110111111
010111001011
010111001111
010111011011
010111011111
010111101011
010111101111
010111111011
010111111111
011000000101
011000100001
011001000001
011001100101
011010000111
011010001111
011010010111
011010011111
011010100011
011010101011
011010110011
011010111011
011011000011
011011001011
011011010011
011011011011
011011100111
011011101111
011011110111
011011111111
011100000101
011100001001
011100010001
011100011101
011101000101
011101001001
011101010001
011101011101
011110100001
011110100101
011110110001
011110110101
011111100001
011111100101
011111110001
011111110101
100000100101
100000101101
100001100001
100001101001
100011000101
100011001101
100011010101
100011011101
100100000111
100100001111
100100010111
100100011111
100100100111
100100101111
100100110111
100100111111
100101000011
100101001011
100101010011
100101011011
100101100011
100101101011
100101110011
100101111011
100110001001
100110010001
100110101001
100110110001
101000010001
101000010101
101000011001
101000011101
101000110001
101000110101
101000111001
101000111101
101010010101
101010011101
101010100101
101010101101
101011000101
101011001101
101011110101
101011111101
101101000011
101101000111
101101001011
101101001111
101101010011
101101010111
101101011011
101101011111
101101100011
101101100111
101101101011
101101101111
101101110011
101101110111
101101111011
101101111111
101110001001
101110010001
101110101001
101110110001
101111001001
101111010001
101111101001
101111110001
110000010011
110000010111
110000011011
110000011111
110000110011
110000110111
110000111011
110000111111
110001010011
110001010111
110001011011
110001011111
110001110011
110001110111
110001111011
110001111111
110010001101
110010011001
110010100001
110010110101
110011000001
110011010101
110011101101
110011111001
110100000111
110100001011
110100010111
110100011011
110100100011
110100101111
110100110011
110100111111
110101000111
110101001011
110101010111
110101011011
110101100011
110101101111
110101110011
110101111111
110110001011
110110001111
110110010011
110110010111
110110101011
110110101111
110110110011
110110110111
110111001011
110111001111
110111010011
110111010111
110111101011
110111101111
110111110011
110111110111
111000000101
111000001101
111000100001
111000101001
111001000001
111001001001
111001100101
111001101101
111010001101
111010010101
111010100001
111010111001
111011000001
111011011001
111011101101
111011110101
111100100011
111100100111
111100101011
111100101111
111100110011
111100110111
111100111011
111100111111
111101100011
111101100111
111101101011
111101101111
111101110011
111101110111
111101111011
111101111111
111110001001
111110001101
111110010001
111110010101
111111001001
111111001101
111111010001
111111010101
