000000000000
000001000011
000001000101
000001000110
000001000111
000001001001
000001001010
000001001011
000001001100
000001001101
000001001110
000001001111
000010000011
000010000101
000010000110
000010000111
000010001001
000010001010
000010001011
000010001100
000010001101
000010001110
000010001111
000011000000
000011000001
000011000010
000011000011
000011000100
000011000101
000011000110
000011000111
000011001000
000011001001
000011001010
000011001100
000011001101
000011001110
000100000011
000100000101
000100000110
000100000111
000100001001
000100001010
000100001011
000100001100
000100001101
000100001110
000100001111
000101000000
000101000001
000101000010
000101000011
000101000100
000101000101
000101000110
000101000111
000101001001
000101001010
000101001100
000101001101
000101001110
000101001111
000110000001
000110000010
000110000011
000110000100
000110000101
000110000110
000110000111
000110001000
000110001001
000110001010
000110001011
000110001100
000110001101
000110001111
000111000000
000111000001
000111000010
000111000011
000111000101
000111000110
000111000111
000111001000
000111001001
000111001010
000111001011
000111001100
000111001101
000111001110
000111001111
001000000011
001000000101
001000000110
001000000111
001000001001
001000001010
001000001011
001000001100
001000001101
001000001110
001000001111
001001000000
001001000001
001001000010
001001000100
001001000101
001001000110
001001001000
001001001001
001001001010
001001001100
001001001110
001001001111
001010000001
001010000010
001010000011
001010000100
001010000101
001010000110
001010001000
001010001001
001010001010
001010001100
001010001110
001010001111
001011000000
001011000001
001011000011
001011000100
001011000101
001011000110
001011001000
001011001001
001011001010
001011001011
001011001100
001011001101
001011001110
001011001111
001100000011
001100000101
001100000110
001100001001
001100001010
001100001011
001100001100
001100001101
001100001110
001100001111
001101000000
001101000001
001101000010
001101000011
001101000100
001101000101
001101000110
001101000111
001101001001
001101001010
001101001011
001101001101
001101001111
001110000001
001110000010
001110000011
001110000100
001110000101
001110000110
001110001000
001110001001
001110001010
001110001101
001110001111
001111000000
001111000010
001111000011
001111000100
001111000101
001111000110
001111000111
001111001000
001111001001
001111001010
001111001011
001111001100
001111001101
001111001110
001111001111
010000000110
010000000111
010000001001
010000001010
010000001011
010000001100
010000001101
010000001110
010000001111
010001000000
010001000001
010001000010
010001000011
010001000100
010001000101
010001000110
010001000111
010001001000
010001001010
010001001011
010001001101
010010000001
010010000010
010010000011
010010000100
010010000101
010010000110
010010000111
010010001000
010010001001
010010001010
010010001011
010010001100
010010001110
010011000000
010011000001
010011000010
010011000011
010011000100
010011000110
010011000111
010011001000
010011001010
010011001011
010011001100
010011001101
010011001110
010011001111
010100000001
010100000010
010100000100
010100000110
010100000111
010100001000
010100001001
010100001010
010100001011
010100001100
010100001101
010100001110
010101000001
010101000010
010101000011
010101000100
010101000101
010101000110
010101000111
010101001000
010101001001
010101001011
010101001101
010101001110
010101001111
010110000001
010110000010
010110000011
010110000101
010110000110
010110000111
010110001000
010110001001
010110001011
010110001101
010110001110
010110001111
010111000000
010111000001
010111000010
010111000100
010111000101
010111000111
010111001000
010111001001
010111001010
010111001011
010111001100
010111001101
010111001110
011000000001
011000000010
011000000100
011000000101
011000000110
011000000111
011000001000
011000001001
011000001010
011000001011
011000001100
011000001101
011000001110
011000001111
011001000000
011001000001
011001000010
011001000011
011001000101
011001000110
011001000111
011001001000
011001001001
011001001011
011001001100
011001001101
011001001110
011010000001
011010000010
011010000100
011010000101
011010000110
011010000111
011010001000
011010001001
011010001010
011010001100
011010001101
011010001110
011010001111
011011000000
011011000001
011011000010
011011000011
011011000100
011011000101
011011000110
011011000111
011011001000
011011001001
011011001010
011011001011
011011001100
011011001101
011011001110
011011001111
011100000001
011100000010
011100000011
011100000100
011100000111
011100001000
011100001001
011100001100
011100001101
011100001110
011101000000
011101000001
011101000010
011101000100
011101000111
011101001000
011101001010
011101001011
011101001100
011101001101
011101001110
011110000001
011110000010
011110000100
011110000101
011110001000
011110001001
011110001010
011110001011
011110001100
011110001101
011110001110
011110001111
011111000000
011111000001
011111000010
011111000011
011111000100
011111000101
011111000110
011111000111
011111001000
011111001001
011111001101
011111001110
011111001111
100000000011
100000000101
100000000110
100000000111
100000001001
100000001010
100000001011
100000001100
100000001101
100000001111
100001000001
100001000010
100001000011
100001000100
100001000101
100001000110
100001001000
100001001001
100001001010
100001001100
100001001110
100001001111
100010000000
100010000001
100010000010
100010000011
100010000100
100010000101
100010000110
100010000111
100010001000
100010001001
100010001010
100010001100
100010001110
100010001111
100011000001
100011000010
100011000011
100011000101
100011000110
100011001000
100011001001
100011001010
100011001011
100011001100
100011001101
100011001111
100100000000
100100000011
100100000100
100100000101
100100000110
100100001000
100100001001
100100001010
100100001100
100100001101
100100001110
100100001111
100101000000
100101000001
100101000010
100101000011
100101000100
100101000101
100101000110
100101000111
100101001000
100101001001
100101001010
100101001100
100101001101
100101001110
100101001111
100110000010
100110000011
100110000100
100110000101
100110000110
100110000111
100110001001
100110001010
100110001011
100110001100
100110001101
100110001110
100111000000
100111000001
100111000010
100111000100
100111000101
100111000110
100111001000
100111001001
100111001011
100111001100
100111001101
100111001110
100111001111
101000000000
101000000001
101000000010
101000000011
101000000100
101000000101
101000000110
101000001001
101000001010
101000001100
101000001110
101000001111
101001000000
101001000001
101001000010
101001000011
101001000101
101001000110
101001001001
101001001010
101001001011
101001001100
101001001101
101001001111
101010000000
101010000001
101010000010
101010000011
101010000101
101010000110
101010000111
101010001000
101010001001
101010001010
101010001011
101010001100
101010001101
101010001110
101010001111
101011000000
101011000001
101011000010
101011000011
101011000100
101011000101
101011000110
101011000111
101011001001
101011001010
101011001011
101011001100
101011001110
101011001111
101100000000
101100000001
101100000010
101100000011
101100000101
101100000110
101100000111
101100001000
101100001001
101100001010
101100001011
101100001100
101100001101
101100001110
101100001111
101101000000
101101000001
101101000010
101101000011
101101000100
101101000101
101101000110
101101000111
101101001000
101101001001
101101001010
101101001100
101101001101
101101001111
101110000000
101110000001
101110000010
101110000011
101110000101
101110000110
101110000111
101110001000
101110001010
101110001011
101110001100
101110001101
101110001110
101110001111
101111000000
101111000001
101111000010
101111000011
101111000100
101111000101
101111000110
101111000111
101111001000
101111001001
101111001010
101111001011
101111001100
101111001101
101111001110
101111001111
110000000001
110000000010
110000000100
110000000101
110000000110
110000000111
110000001000
110000001001
110000001010
110000001011
110000001100
110000001101
110000001110
110000001111
110001000000
110001000001
110001000010
110001000011
110001000100
110001000101
110001000110
110001000111
110001001000
110001001011
110001001100
110001001101
110001001110
110001001111
110010000000
110010000001
110010000010
110010000011
110010000100
110010000101
110010000110
110010000111
110010001000
110010001001
110010001010
110010001011
110010001100
110010001101
110010001110
110011000000
110011000001
110011000010
110011000011
110011000100
110011000101
110011000110
110011000111
110011001000
110011001010
110011001011
110011001100
110011001101
110011001110
110011001111
110100000001
110100000010
110100000011
110100000100
110100000111
110100001000
110100001101
110100001111
110101000000
110101000001
110101000010
110101000100
110101001000
110101001001
110101001010
110101001011
110101001101
110101001110
110110000000
110110000001
110110000010
110110000011
110110000100
110110000110
110110000111
110110001000
110110001001
110110001010
110110001011
110110001100
110110001101
110110001110
110111000000
110111000001
110111000010
110111000011
110111000100
110111000101
110111000110
110111000111
110111001000
110111001001
110111001010
110111001011
110111001101
110111001110
110111001111
111000000001
111000000010
111000000011
111000000100
111000000110
111000000111
111000001000
111000001001
111000001010
111000001011
111000001100
111000001101
111000001110
111000001111
111001000000
111001000001
111001000010
111001000011
111001000100
111001000101
111001000110
111001000111
111001001000
111001001010
111001001011
111001001100
111001001101
111001001110
111010000000
111010000001
111010000010
111010000011
111010000100
111010000101
111010000111
111010001000
111010001001
111010001010
111010001011
111010001100
111010001101
111010001110
111011000000
111011000001
111011000010
111011000101
111011000110
111011000111
111011001000
111011001001
111011001010
111011001011
111011001100
111011001101
111011001110
111011001111
111100000001
111100000010
111100000100
111100000110
111100000111
111100001000
111100001010
111100001011
111100001100
111100001101
111100001110
111101000001
111101000010
111101000011
111101000100
111101000101
111101000111
111101001000
111101001001
111101001011
111101001101
111101001110
111101001111
111110000000
111110000001
111110000010
111110000011
111110000100
111110000101
111110000110
111110000111
111110001000
111110001001
111110001011
111110001101
111110001110
111110001111
111111000000
111111000001
111111000010
111111000011
111111000100
111111000110
111111000111
111111001000
111111001001
111111001010
111111001011
111111001100
111111001101
111111001110
111111001111
