00000000
00010010
00010110
00011010
00011011
00011110
00011111
00100010
00100110
00101010
00101011
00101110
00101111
00111000
00111001
00111100
00111101
01000001
01000011
01000111
01001001
01001010
01001110
01010001
01010011
01010111
01011011
01011100
01011111
01100001
01100011
01100111
01101000
01101011
01101111
01110001
01110011
01110111
01111010
01111101
01111110
10001000
10001001
10001010
10001011
10001100
10001101
10001110
10001111
10010100
10010101
10011010
10011011
10011110
10011111
10100010
10100111
10101000
10101001
10101100
10101101
10110010
10110100
10110101
10110111
11000011
11000100
11000101
11000110
11001000
11001001
11001010
11001111
11010011
11010100
11010101
11010110
11011010
11011100
11011101
11011111
11100011
11100100
11100101
11100110
11101000
11101001
11101011
11101110
11110011
11110100
11110101
11110110
11111011
11111100
11111101
11111110
