00000000
00010001
00010011
00010111
00011001
00011011
00011111
00100001
00100011
00100111
00101001
00101011
00101111
00110010
00110110
00111010
00111110
01000011
01000100
01000101
01000110
01001011
01001101
01010100
01010101
01010111
01011010
01011101
01011111
01100010
01100100
01100101
01100111
01101101
01101111
01110011
01110100
01110101
01111011
01111101
01111110
10000010
10000011
10000110
10000111
10001010
10001011
10001110
10001111
10010011
10010111
10011000
10011011
10011100
10011111
10100001
10100010
10100110
10101010
10101101
10101110
10110001
10111000
10111100
10111101
11000010
11000011
11000101
11000110
11001000
11001001
11001100
11001111
11010011
11010101
11011000
11011001
11011010
11011100
11011110
11011111
11100010
11100101
11100110
11100111
11101000
11101001
11101011
11101100
11110101
11110111
11111000
11111001
11111010
11111011
11111100
11111110
