00000000
00010001
00010011
00010101
00010111
00011101
00011111
00100001
00100011
00100101
00100111
00101101
00101111
00110100
00110110
00111100
00111110
01000101
01000111
01001000
01001001
01001011
01001100
01010110
01011000
01011001
01011011
01011101
01011111
01100100
01101000
01101001
01101011
01101101
01101111
01110101
01110111
01111000
01111001
01111011
01111110
10000100
10000101
10000110
10000111
10001100
10001101
10001110
10001111
10010010
10010101
10010111
10011010
10011101
10011111
10100001
10100100
10100110
10101011
10101100
10101110
10110001
10110010
10111010
10111011
11000010
11000011
11000100
11000101
11001001
11001010
11001100
11001111
11010010
11010011
11010101
11010110
11011001
11011010
11011110
11011111
11100010
11100011
11100100
11100111
11101001
11101010
11101100
11101101
11110010
11110011
11110110
11110111
11111001
11111010
11111101
11111110
