00000000
00010010
00010011
00010110
00010111
00011011
00011111
00100010
00100011
00100110
00100111
00101011
00101111
00110001
00110101
00111001
00111101
01000011
01000111
01001000
01001001
01001010
01001110
01010101
01011000
01011010
01011011
01011110
01011111
01100001
01101000
01101010
01101011
01101110
01101111
01110011
01110111
01111000
01111010
01111101
01111110
10000001
10000011
10000101
10000111
10001001
10001011
10001101
10001111
10010011
10010100
10010111
10011011
10011100
10011111
10100001
10100010
10100101
10101001
10101101
10101110
10110010
10110100
10111100
10111110
11000001
11000011
11000100
11000110
11001001
11001010
11001100
11001111
11010011
11010100
11010101
11010110
11011010
11011100
11011101
11011111
11100001
11100100
11100110
11100111
11101001
11101010
11101011
11101100
11110100
11110101
11110110
11110111
11111010
11111011
11111100
11111101
