00000000
00010001
00010101
00011001
00011011
00011101
00011111
00100001
00100101
00101001
00101011
00101101
00101111
00111000
00111010
00111100
00111110
01000010
01000011
01000111
01001001
01001010
01001101
01010010
01010011
01010111
01011011
01011100
01011111
01100010
01100011
01100111
01101000
01101011
01101111
01110010
01110011
01110111
01111001
01111101
01111110
10001000
10001001
10001010
10001011
10001100
10001101
10001110
10001111
10010100
10010110
10011001
10011011
10011101
10011111
10100001
10100111
10101000
10101010
10101100
10101110
10110001
10110100
10110110
10110111
11000011
11000100
11000101
11000110
11001000
11001001
11001010
11001111
11010011
11010100
11010101
11010110
11011001
11011100
11011110
11011111
11100011
11100100
11100101
11100110
11101000
11101010
11101011
11101101
11110011
11110100
11110101
11110110
11111011
11111100
11111101
11111110
