00000000
00010010
00010011
00010111
00011010
00011011
00011111
00100010
00100011
00100111
00101010
00101011
00101111
00110001
00110101
00111001
00111101
01000011
01000100
01000101
01000110
01001011
01001110
01010100
01010110
01010111
01011001
01011110
01011111
01100001
01100100
01100110
01100111
01101110
01101111
01110011
01110100
01110110
01111011
01111101
01111110
10000001
10000011
10000101
10000111
10001001
10001011
10001101
10001111
10010011
10010111
10011000
10011011
10011100
10011111
10100001
10100010
10100101
10101001
10101101
10101110
10110010
10111000
10111100
10111110
11000001
11000011
11000101
11000110
11001000
11001010
11001100
11001111
11010011
11010110
11011000
11011001
11011010
11011100
11011101
11011111
11100001
11100101
11100110
11100111
11101000
11101010
11101011
11101100
11110110
11110111
11111000
11111001
11111010
11111011
11111100
11111101
