00000000
00010100
00010101
00011100
00011101
00011110
00011111
00100100
00100101
00101100
00101101
00101110
00101111
00111000
00111001
00111010
00111011
01000010
01000110
01000111
01001010
01001100
01001101
01010010
01010110
01010111
01011001
01011110
01011111
01100010
01100110
01100111
01101000
01101110
01101111
01110010
01110110
01110111
01111011
01111100
01111101
10001000
10001001
10001010
10001011
10001100
10001101
10001110
10001111
10010001
10010011
10011100
10011101
10011110
10011111
10100100
10100111
10101000
10101001
10101010
10101011
10110001
10110011
10110100
10110111
11000001
11000011
11000101
11000110
11001000
11001010
11001100
11001111
11010001
11010011
11010101
11010110
11011001
11011011
11011100
11011111
11100001
11100011
11100101
11100110
11101000
11101010
11101101
11101110
11110001
11110011
11110101
11110110
11111001
11111011
11111101
11111110
