00000000
00010001
00010101
00010111
00011001
00011101
00011111
00100001
00100101
00100111
00101001
00101101
00101111
00110100
00110110
00111100
00111110
01000010
01000011
01000101
01000110
01001011
01001101
01010010
01010011
01010111
01011011
01011100
01011111
01100010
01100011
01100100
01100111
01101011
01101111
01110010
01110011
01110101
01111011
01111101
01111110
10000100
10000101
10000110
10000111
10001100
10001101
10001110
10001111
10010101
10010111
10011000
10011010
10011101
10011111
10100001
10100100
10100110
10101011
10101100
10101110
10110001
10111000
10111010
10111011
11000011
11000100
11000101
11000110
11001000
11001001
11001010
11001111
11010011
11010101
11011000
11011001
11011010
11011100
11011110
11011111
11100011
11100100
11100110
11100111
11101000
11101001
11101010
11101101
11110011
11110111
11111000
11111001
11111010
11111100
11111101
11111110
